

|     |    |     |      |      |     |      |      |      |      |    |     |     |     |     |     |     |     |     |     |     |
|----:|---:|----:|-----:|-----:|----:|-----:|-----:|-----:|-----:|---:|----:|----:|----:|----:|----:|----:|----:|----:|----:|----:|
| -Inf| -18| -8.0| -4.67| -3.00| -2.0| -1.33| -0.86| -0.50| -0.22| 0.0| 0.18| 0.33| 0.46| 0.57| 0.67| 0.75| 0.82| 0.89| 0.95| 1.00|
| -Inf| -17| -7.5| -4.33| -2.75| -1.8| -1.17| -0.71| -0.38| -0.11| 0.1| 0.27| 0.42| 0.54| 0.64| 0.73| 0.81| 0.88| 0.94| 1.00| 1.05|
| -Inf| -16| -7.0| -4.00| -2.50| -1.6| -1.00| -0.57| -0.25|  0.00| 0.2| 0.36| 0.50| 0.62| 0.71| 0.80| 0.88| 0.94| 1.00| 1.05| 1.10|
| -Inf| -15| -6.5| -3.67| -2.25| -1.4| -0.83| -0.43| -0.12|  0.11| 0.3| 0.45| 0.58| 0.69| 0.79| 0.87| 0.94| 1.00| 1.06| 1.11| 1.15|
| -Inf| -14| -6.0| -3.33| -2.00| -1.2| -0.67| -0.29|  0.00|  0.22| 0.4| 0.55| 0.67| 0.77| 0.86| 0.93| 1.00| 1.06| 1.11| 1.16| 1.20|
| -Inf| -13| -5.5| -3.00| -1.75| -1.0| -0.50| -0.14|  0.12|  0.33| 0.5| 0.64| 0.75| 0.85| 0.93| 1.00| 1.06| 1.12| 1.17| 1.21| 1.25|
| -Inf| -12| -5.0| -2.67| -1.50| -0.8| -0.33|  0.00|  0.25|  0.44| 0.6| 0.73| 0.83| 0.92| 1.00| 1.07| 1.12| 1.18| 1.22| 1.26| 1.30|
| -Inf| -11| -4.5| -2.33| -1.25| -0.6| -0.17|  0.14|  0.38|  0.56| 0.7| 0.82| 0.92| 1.00| 1.07| 1.13| 1.19| 1.24| 1.28| 1.32| 1.35|
| -Inf| -10| -4.0| -2.00| -1.00| -0.4|  0.00|  0.29|  0.50|  0.67| 0.8| 0.91| 1.00| 1.08| 1.14| 1.20| 1.25| 1.29| 1.33| 1.37| 1.40|
| -Inf|  -9| -3.5| -1.67| -0.75| -0.2|  0.17|  0.43|  0.62|  0.78| 0.9| 1.00| 1.08| 1.15| 1.21| 1.27| 1.31| 1.35| 1.39| 1.42| 1.45|
| -Inf|  -8| -3.0| -1.33| -0.50|  0.0|  0.33|  0.57|  0.75|  0.89| 1.0| 1.09| 1.17| 1.23| 1.29| 1.33| 1.38| 1.41| 1.44| 1.47| 1.50|
| -Inf|  -7| -2.5| -1.00| -0.25|  0.2|  0.50|  0.71|  0.88|  1.00| 1.1| 1.18| 1.25| 1.31| 1.36| 1.40| 1.44| 1.47| 1.50| 1.53| 1.55|
| -Inf|  -6| -2.0| -0.67|  0.00|  0.4|  0.67|  0.86|  1.00|  1.11| 1.2| 1.27| 1.33| 1.38| 1.43| 1.47| 1.50| 1.53| 1.56| 1.58| 1.60|
| -Inf|  -5| -1.5| -0.33|  0.25|  0.6|  0.83|  1.00|  1.12|  1.22| 1.3| 1.36| 1.42| 1.46| 1.50| 1.53| 1.56| 1.59| 1.61| 1.63| 1.65|
| -Inf|  -4| -1.0|  0.00|  0.50|  0.8|  1.00|  1.14|  1.25|  1.33| 1.4| 1.45| 1.50| 1.54| 1.57| 1.60| 1.62| 1.65| 1.67| 1.68| 1.70|
| -Inf|  -3| -0.5|  0.33|  0.75|  1.0|  1.17|  1.29|  1.38|  1.44| 1.5| 1.55| 1.58| 1.62| 1.64| 1.67| 1.69| 1.71| 1.72| 1.74| 1.75|
| -Inf|  -2|  0.0|  0.67|  1.00|  1.2|  1.33|  1.43|  1.50|  1.56| 1.6| 1.64| 1.67| 1.69| 1.71| 1.73| 1.75| 1.76| 1.78| 1.79| 1.80|
| -Inf|  -1|  0.5|  1.00|  1.25|  1.4|  1.50|  1.57|  1.62|  1.67| 1.7| 1.73| 1.75| 1.77| 1.79| 1.80| 1.81| 1.82| 1.83| 1.84| 1.85|
| -Inf|   0|  1.0|  1.33|  1.50|  1.6|  1.67|  1.71|  1.75|  1.78| 1.8| 1.82| 1.83| 1.85| 1.86| 1.87| 1.88| 1.88| 1.89| 1.89| 1.90|
| -Inf|   1|  1.5|  1.67|  1.75|  1.8|  1.83|  1.86|  1.88|  1.89| 1.9| 1.91| 1.92| 1.92| 1.93| 1.93| 1.94| 1.94| 1.94| 1.95| 1.95|
|  NaN|   2|  2.0|  2.00|  2.00|  2.0|  2.00|  2.00|  2.00|  2.00| 2.0| 2.00| 2.00| 2.00| 2.00| 2.00| 2.00| 2.00| 2.00| 2.00| 2.00|
NULL
